place(-2.126, 1.019, -35.597, "Pyromancer", 1250)
upgrade(-2.126, 2.369, -35.597, 350)
SetTarget(-2.126, 2.369, -35.597, "Random")
SetTarget(-2.126, 2.369, -35.597, "Farthest")
upgrade(-2.126, 2.369, -35.597, 1046)
upgrade(-2.126, 2.369, -35.597, 2048)
upgrade(-2.126, 2.369, -35.597, 4048)
place(6.416, 1.389, 27.769, "Hunter", 1657)
place(3.408, 1.418, 27.789, "Hunter", 2298)
place(0.395, 1.447, 27.804, "Hunter", 2086)
place(-2.631, 1.475, 27.845, "Hunter", 1858)
place(4.952, 1.349, 22.396, "Hunter", 1790)
place(1.878, 1.383, 22.481, "Hunter", 1825)
place(-1.171, 1.399, 22.107, "Hunter", 2183)
place(-4.224, 1.432, 22.166, "Hunter", 2468)
place(3.674, 1.232, 19.629, "Hunter", 3215)
place(0.424, 1.385, 19.405, "Hunter", 1790)
upgrade(0.424, 2.735, 19.405, 2002)
upgrade(3.674, 2.582, 19.629, 1277)
upgrade(4.952, 2.699, 22.396, 2283)
upgrade(1.878, 2.733, 22.481, 1558)
upgrade(-1.171, 2.749, 22.107, 833)
upgrade(-4.224, 2.782, 22.166, 787)
upgrade(-2.631, 2.825, 27.845, 812)
upgrade(0.395, 2.797, 27.804, 1733)
upgrade(3.408, 2.768, 27.789, 1008)
upgrade(6.416, 2.739, 27.769, 813)
